$ANSIBLE_VAULT;1.1;AES256
35393134626461366238383263383137356234656264336137636165383233346539313138616439
3932313262643165373136636130356366633734333533660a323063613162333862386533366238
39623466373766333431373232316463343437623337336264353134373331343836373862396330
3636623164356663630a653636613633653535633963323231653834353566363537376132616662
64363365393630383630393965626231366635316361653336656131616130653139343930613937
61323630346337663338626135356232303866613435353065363439333738336237313365633663
39313439366566623866393639623839646132613638336534343265643237303531353031313561
63356234323437363439636237623936353337323933383665613838366634353433383233316365
65653034653733333231396439326461656635663233303666353337643536666631636537623631
63303235333638373432316631323531363463333335336362663731376464656331666332626161
31653037613764366133333136373861633239646530313738313938313838616431336339303166
61306563666463393335396433656139316536623335373364366661636365396361396561353635
31343264396162316564626566633134613362333235323239336136336337663536363064613233
37393461323765363930313366626464636362353236623465626437366238306230663161663733
32626539613262666138303334316238393233363034383032643435663139333339666338616266
36616632383265653061323539333839623236353339303063303331636664663262323730346133
33383063393562336262383131333362373033393031363231363037333966363038316666623766
61363931613237383030636437636431626236623533653932353237653861656137346338306664
37666537653932396236363565356665323039643236393230346634353166356130613632353536
65633331386265646433383332626636333136343430383766643031366134316464363635333464
38303762323838653631393432383030613763643566356536653035643637613030363031663734
36386164616530383734623761613239396363326165663836346231306534336664626665623234
33643438363965333338356237396161666362376136373737656337626266626366666432323865
30386438663933636536656232303239613439636435656638326239623162633631636231363533
35613935323232643132353761303034643237626233663465663166336561633132356236306261
32393761363536346631636264333936376164313061363831343932346130303732313465613566
38333834383661393830626562313538373434623565373130643661633664303537633463656434
61376665653136366365393762353964316432393839356263356362623431353933383466346238
32303337616461653138383135613739343533333362623438363163643736376635646263343636
35353839393237633962376430383562343632626538663032623633646439303536336638636366
61356566346534623532356437383334633930393066636665633762666435613964633562653439
39646661333466636465666437623364333739383637653263313037653066373463306536343962
62636231653165306561653464616135393161353030323439383163656338336465333564323638
37373935373834366137613830643238656632396131323138313136313939353963393965626332
39343734643133353535616362656266646337616536306237326138396233326165343939653333
38393830333534323831386663376364393663616235316533613139353938323034336133356631
32343231613666666364633239623665326664313663643135646465396463393034333337633162
33616636333737306232623834616164666537653964663334336262656432363134303561373138
64353437323839393032363364323734613464626364343138333439393838663966326564613431
35366134396565343839623333316562343631343037633737393766356232396166613433346361
32376631396333396661316635653935313962313464633930653764613532633864653662613362
39663138613466613462303637313039313563376361636331373664313135353137616336316566
65326332366530666435636361333937656361636635633435353866363931376331306261306662
65336162326662393434616163653936353636323630663635373539333434613662653938313165
61383535666436373836373033656566646239323564393335666562303431393662316333356261
33623866396262393132306636366134376536326334653831623238376263643131643565656561
33363762326632333761376136623432383761653033306461653532346464343561376337353336
34396137316361663136353035363935383435316435653264633132393762616636336132393463
39346337373234386533363931643961393732623063656138396636373662623638633662366133
65383362346336643464313537363234616337623134383436613661326631376432366431346164
623463656335333039326335373962366163
